(kicad_pcb (version 20171130) (host pcbnew "(5.1.10-1-10_14)")

  (general
    (thickness 1.6)
    (drawings 20)
    (tracks 245)
    (zones 0)
    (modules 34)
    (nets 30)
  )

  (page A4)
  (title_block
    (title "5-0007 FACS Photointerruptor Breakout Board")
    (date 2021-10-19)
    (rev 1)
    (company "Chan Zuckerberg Biohub")
    (comment 1 "Bioengineering Platform")
    (comment 2 "Emily Huynh")
  )

  (layers
    (0 F.Cu signal)
    (31 B.Cu signal)
    (32 B.Adhes user)
    (33 F.Adhes user)
    (34 B.Paste user)
    (35 F.Paste user)
    (36 B.SilkS user)
    (37 F.SilkS user)
    (38 B.Mask user)
    (39 F.Mask user)
    (40 Dwgs.User user)
    (41 Cmts.User user)
    (42 Eco1.User user)
    (43 Eco2.User user)
    (44 Edge.Cuts user)
    (45 Margin user)
    (46 B.CrtYd user)
    (47 F.CrtYd user)
    (48 B.Fab user)
    (49 F.Fab user hide)
  )

  (setup
    (last_trace_width 0.25)
    (trace_clearance 0.2)
    (zone_clearance 0.508)
    (zone_45_only no)
    (trace_min 0.2)
    (via_size 0.8)
    (via_drill 0.4)
    (via_min_size 0.4)
    (via_min_drill 0.3)
    (uvia_size 0.3)
    (uvia_drill 0.1)
    (uvias_allowed no)
    (uvia_min_size 0.2)
    (uvia_min_drill 0.1)
    (edge_width 0.05)
    (segment_width 0.2)
    (pcb_text_width 0.3)
    (pcb_text_size 1.5 1.5)
    (mod_edge_width 0.12)
    (mod_text_size 1 1)
    (mod_text_width 0.15)
    (pad_size 4 1.5)
    (pad_drill 0)
    (pad_to_mask_clearance 0)
    (aux_axis_origin 0 0)
    (grid_origin 130.6576 103.5558)
    (visible_elements FFFFFF7F)
    (pcbplotparams
      (layerselection 0x010fc_ffffffff)
      (usegerberextensions false)
      (usegerberattributes true)
      (usegerberadvancedattributes true)
      (creategerberjobfile true)
      (excludeedgelayer true)
      (linewidth 0.100000)
      (plotframeref false)
      (viasonmask false)
      (mode 1)
      (useauxorigin false)
      (hpglpennumber 1)
      (hpglpenspeed 20)
      (hpglpendiameter 15.000000)
      (psnegative false)
      (psa4output false)
      (plotreference true)
      (plotvalue true)
      (plotinvisibletext false)
      (padsonsilk false)
      (subtractmaskfromsilk false)
      (outputformat 3)
      (mirror false)
      (drillshape 0)
      (scaleselection 1)
      (outputdirectory ""))
  )

  (net 0 "")
  (net 1 +5V)
  (net 2 GND)
  (net 3 "Net-(U1-Pad1)")
  (net 4 "Net-(U2-Pad1)")
  (net 5 "Net-(U3-Pad1)")
  (net 6 "Net-(U4-Pad1)")
  (net 7 "Net-(U5-Pad1)")
  (net 8 "Net-(U6-Pad1)")
  (net 9 "Net-(U7-Pad1)")
  (net 10 "Net-(U8-Pad1)")
  (net 11 "Net-(U9-Pad1)")
  (net 12 /ENC_1)
  (net 13 /ENC_2)
  (net 14 /ENC_5)
  (net 15 /ENC_6)
  (net 16 /ENC_9)
  (net 17 /ENC_3)
  (net 18 /ENC_4)
  (net 19 /ENC_7)
  (net 20 /ENC_8)
  (net 21 "Net-(R1-Pad2)")
  (net 22 "Net-(R2-Pad2)")
  (net 23 "Net-(R3-Pad2)")
  (net 24 "Net-(R4-Pad2)")
  (net 25 "Net-(R5-Pad2)")
  (net 26 "Net-(R6-Pad2)")
  (net 27 "Net-(R7-Pad2)")
  (net 28 "Net-(R8-Pad2)")
  (net 29 "Net-(R9-Pad2)")

  (net_class Default "This is the default net class."
    (clearance 0.2)
    (trace_width 0.25)
    (via_dia 0.8)
    (via_drill 0.4)
    (uvia_dia 0.3)
    (uvia_drill 0.1)
    (add_net /ENC_1)
    (add_net /ENC_2)
    (add_net /ENC_3)
    (add_net /ENC_4)
    (add_net /ENC_5)
    (add_net /ENC_6)
    (add_net /ENC_7)
    (add_net /ENC_8)
    (add_net /ENC_9)
    (add_net "Net-(R1-Pad2)")
    (add_net "Net-(R2-Pad2)")
    (add_net "Net-(R3-Pad2)")
    (add_net "Net-(R4-Pad2)")
    (add_net "Net-(R5-Pad2)")
    (add_net "Net-(R6-Pad2)")
    (add_net "Net-(R7-Pad2)")
    (add_net "Net-(R8-Pad2)")
    (add_net "Net-(R9-Pad2)")
    (add_net "Net-(U1-Pad1)")
    (add_net "Net-(U2-Pad1)")
    (add_net "Net-(U3-Pad1)")
    (add_net "Net-(U4-Pad1)")
    (add_net "Net-(U5-Pad1)")
    (add_net "Net-(U6-Pad1)")
    (add_net "Net-(U7-Pad1)")
    (add_net "Net-(U8-Pad1)")
    (add_net "Net-(U9-Pad1)")
  )

  (net_class Power ""
    (clearance 0.2)
    (trace_width 0.25)
    (via_dia 0.8)
    (via_drill 0.4)
    (uvia_dia 0.3)
    (uvia_drill 0.1)
    (add_net +5V)
    (add_net GND)
  )

  (module photointerruptor_lib:power-pads_copy (layer F.Cu) (tedit 616F3F0C) (tstamp 616F96C2)
    (at 73.9 80.5 270)
    (path /61A7124F)
    (fp_text reference ENC1 (at -0.0328 3.6182 90) (layer F.SilkS)
      (effects (font (size 0.75 0.75) (thickness 0.15)))
    )
    (fp_text value MountingHole_Pad (at -0.0381 3.0052 90) (layer F.Fab)
      (effects (font (size 1 1) (thickness 0.15)))
    )
    (pad 1 smd roundrect (at 0 0 270) (size 4 1.5) (layers F.Cu F.Paste F.Mask) (roundrect_rratio 0.25)
      (net 12 /ENC_1))
    (model ${KISYS3DMOD}/MountingEquipment.3dshapes/pads.step
      (offset (xyz -2 0.75 0))
      (scale (xyz 1 1 1))
      (rotate (xyz 0 0 0))
    )
  )

  (module photointerruptor_lib:power-pads_copy (layer F.Cu) (tedit 616F3F0C) (tstamp 616F96C6)
    (at 75.9 80.5 270)
    (path /61A71255)
    (fp_text reference ENC2 (at -0.0328 4.5006 90) (layer F.SilkS)
      (effects (font (size 0.75 0.75) (thickness 0.15)))
    )
    (fp_text value MountingHole_Pad (at -0.0381 3.0052 90) (layer F.Fab)
      (effects (font (size 1 1) (thickness 0.15)))
    )
    (pad 1 smd roundrect (at 0 0 270) (size 4 1.5) (layers F.Cu F.Paste F.Mask) (roundrect_rratio 0.25)
      (net 13 /ENC_2))
    (model ${KISYS3DMOD}/MountingEquipment.3dshapes/pads.step
      (offset (xyz -2 0.75 0))
      (scale (xyz 1 1 1))
      (rotate (xyz 0 0 0))
    )
  )

  (module photointerruptor_lib:power-pads_copy (layer F.Cu) (tedit 616F4337) (tstamp 616F96CA)
    (at 155.6 85.5 90)
    (path /61A7812E)
    (fp_text reference ENC5 (at 4.9058 -4.5208 90) (layer F.SilkS)
      (effects (font (size 0.75 0.75) (thickness 0.15)))
    )
    (fp_text value MountingHole_Pad (at -0.0381 3.0052 90) (layer F.Fab)
      (effects (font (size 1 1) (thickness 0.15)))
    )
    (pad 1 smd roundrect (at 5 0 90) (size 4 1.5) (layers F.Cu F.Paste F.Mask) (roundrect_rratio 0.25)
      (net 14 /ENC_5))
    (model ${KISYS3DMOD}/MountingEquipment.3dshapes/pads.step
      (offset (xyz 3 0.75 0))
      (scale (xyz 1 1 1))
      (rotate (xyz 0 0 0))
    )
  )

  (module photointerruptor_lib:power-pads_copy (layer F.Cu) (tedit 616F3F0C) (tstamp 616F96CE)
    (at 157.6 80.5 90)
    (path /61A78134)
    (fp_text reference ENC6 (at -0.0942 -5.4794 90) (layer F.SilkS)
      (effects (font (size 0.75 0.75) (thickness 0.15)))
    )
    (fp_text value MountingHole_Pad (at -0.0381 3.0052 90) (layer F.Fab)
      (effects (font (size 1 1) (thickness 0.15)))
    )
    (pad 1 smd roundrect (at 0 0 90) (size 4 1.5) (layers F.Cu F.Paste F.Mask) (roundrect_rratio 0.25)
      (net 15 /ENC_6))
    (model ${KISYS3DMOD}/MountingEquipment.3dshapes/pads.step
      (offset (xyz -2 0.75 0))
      (scale (xyz 1 1 1))
      (rotate (xyz 0 0 0))
    )
  )

  (module photointerruptor_lib:power-pads_copy (layer F.Cu) (tedit 616F4350) (tstamp 616F96D2)
    (at 237.5662 87.6808 90)
    (path /61A799B0)
    (fp_text reference ENC9 (at 7.0104 -7.4676 90) (layer F.SilkS)
      (effects (font (size 0.75 0.75) (thickness 0.15)))
    )
    (fp_text value MountingHole_Pad (at -0.0381 3.0052 90) (layer F.Fab)
      (effects (font (size 1 1) (thickness 0.15)))
    )
    (pad 1 smd roundrect (at 7.1808 -1.9662 90) (size 4 1.5) (layers F.Cu F.Paste F.Mask) (roundrect_rratio 0.25)
      (net 16 /ENC_9))
    (model ${KISYS3DMOD}/MountingEquipment.3dshapes/pads.step
      (offset (xyz 5.1 2.75 0))
      (scale (xyz 1 1 1))
      (rotate (xyz 0 0 0))
    )
  )

  (module photointerruptor_lib:power-pads_copy (layer F.Cu) (tedit 616F3F0C) (tstamp 616F96D6)
    (at 77.9 80.5 90)
    (path /61A72E10)
    (fp_text reference ENC3 (at 0.0328 -5.4592 90) (layer F.SilkS)
      (effects (font (size 0.75 0.75) (thickness 0.15)))
    )
    (fp_text value MountingHole_Pad (at -0.0381 3.0052 90) (layer F.Fab)
      (effects (font (size 1 1) (thickness 0.15)))
    )
    (pad 1 smd roundrect (at 0 0 90) (size 4 1.5) (layers F.Cu F.Paste F.Mask) (roundrect_rratio 0.25)
      (net 17 /ENC_3))
    (model ${KISYS3DMOD}/MountingEquipment.3dshapes/pads.step
      (offset (xyz -2 0.75 0))
      (scale (xyz 1 1 1))
      (rotate (xyz 0 0 0))
    )
  )

  (module photointerruptor_lib:power-pads_copy (layer F.Cu) (tedit 616F597B) (tstamp 616FB0E7)
    (at 231.5718 80.4926 90)
    (path /61A7813A)
    (fp_text reference ENC7 (at -0.2032 -3.556 90) (layer F.SilkS)
      (effects (font (size 0.75 0.75) (thickness 0.15)))
    )
    (fp_text value MountingHole_Pad (at -0.0381 3.0052 90) (layer F.Fab)
      (effects (font (size 1 1) (thickness 0.15)))
    )
    (pad 1 smd roundrect (at -0.0074 0.0282 90) (size 4 1.5) (layers F.Cu F.Paste F.Mask) (roundrect_rratio 0.25)
      (net 19 /ENC_7))
    (model ${KISYS3DMOD}/MountingEquipment.3dshapes/pads.step
      (offset (xyz -2 0.75 0))
      (scale (xyz 1 1 1))
      (rotate (xyz 0 0 0))
    )
  )

  (module photointerruptor_lib:power-pads_copy (layer F.Cu) (tedit 616F4342) (tstamp 616F9A5C)
    (at 233.6 85.5 90)
    (path /61A78140)
    (fp_text reference ENC8 (at 4.8042 -4.5174 90) (layer F.SilkS)
      (effects (font (size 0.75 0.75) (thickness 0.15)))
    )
    (fp_text value MountingHole_Pad (at -0.0381 3.0052 90) (layer F.Fab)
      (effects (font (size 1 1) (thickness 0.15)))
    )
    (pad 1 smd roundrect (at 5 0 90) (size 4 1.5) (layers F.Cu F.Paste F.Mask) (roundrect_rratio 0.25)
      (net 20 /ENC_8))
    (model ${KISYS3DMOD}/MountingEquipment.3dshapes/pads.step
      (offset (xyz 3 0.75 0))
      (scale (xyz 1 1 1))
      (rotate (xyz 0 0 0))
    )
  )

  (module photointerruptor_lib:power-pads_copy (layer F.Cu) (tedit 616F3F0C) (tstamp 616F96F6)
    (at 153.6 80.5 90)
    (path /61A72E16)
    (fp_text reference ENC4 (at -0.0688 -3.6638 90) (layer F.SilkS)
      (effects (font (size 0.75 0.75) (thickness 0.15)))
    )
    (fp_text value MountingHole_Pad (at -0.0381 3.0052 90) (layer F.Fab)
      (effects (font (size 1 1) (thickness 0.15)))
    )
    (pad 1 smd roundrect (at 0 0 90) (size 4 1.5) (layers F.Cu F.Paste F.Mask) (roundrect_rratio 0.25)
      (net 18 /ENC_4))
    (model ${KISYS3DMOD}/MountingEquipment.3dshapes/pads.step
      (offset (xyz -2 0.75 0))
      (scale (xyz 1 1 1))
      (rotate (xyz 0 0 0))
    )
  )

  (module photointerruptor_lib:power-pads (layer F.Cu) (tedit 616F2FF1) (tstamp 616F8AE6)
    (at 63.4492 80.3656 90)
    (path /619DF6A9)
    (fp_text reference H6 (at -0.0381 4.0052 90) (layer F.SilkS) hide
      (effects (font (size 1 1) (thickness 0.15)))
    )
    (fp_text value GND (at -0.9144 1.9558 90) (layer F.SilkS)
      (effects (font (size 0.75 0.75) (thickness 0.15)))
    )
    (pad 1 smd roundrect (at 0 0 90) (size 5 2) (layers F.Cu F.Paste F.Mask) (roundrect_rratio 0.25)
      (net 2 GND))
    (model "${KISYS3DMOD}/MountingEquipment.3dshapes/power pads.step"
      (offset (xyz -2.5 1 0))
      (scale (xyz 1 1 1))
      (rotate (xyz 0 0 0))
    )
  )

  (module photointerruptor_lib:power-pads (layer F.Cu) (tedit 616F2FF1) (tstamp 616F85B7)
    (at 60.8584 80.4418 270)
    (path /619D7C02)
    (fp_text reference H5 (at 3.9624 -0.127 90) (layer F.SilkS) hide
      (effects (font (size 1 1) (thickness 0.15)))
    )
    (fp_text value 5V (at 1.1684 1.8034 90) (layer F.SilkS)
      (effects (font (size 0.75 0.75) (thickness 0.15)))
    )
    (pad 1 smd roundrect (at 0 0 270) (size 5 2) (layers F.Cu F.Paste F.Mask) (roundrect_rratio 0.25)
      (net 1 +5V))
    (model "${KISYS3DMOD}/MountingEquipment.3dshapes/power pads.step"
      (offset (xyz -2.5 1 0))
      (scale (xyz 1 1 1))
      (rotate (xyz 0 0 0))
    )
  )

  (module photointerruptor_lib:Broadcom_DFN-6_2x2mm_P0.65mm (layer F.Cu) (tedit 616F1D74) (tstamp 616F7DEA)
    (at 52 74.3)
    (descr "Broadcom  DFN, 6 Pin (https://docs.broadcom.com/docs/AV02-4755EN), generated with kicad-footprint-generator ipc_noLead_generator.py")
    (tags "Broadcom DFN NoLead")
    (path /6187EB9F)
    (attr smd)
    (fp_text reference U1 (at 0 -5.3) (layer F.SilkS)
      (effects (font (size 1 1) (thickness 0.15)))
    )
    (fp_text value AEDR-8300 (at 0.8128 7.0485) (layer F.Fab)
      (effects (font (size 1 1) (thickness 0.15)))
    )
    (fp_line (start -1.98 -2.56) (end 1.98 -2.56) (layer F.SilkS) (width 0.12))
    (fp_line (start -1.98 2.56) (end 1.98 2.56) (layer F.SilkS) (width 0.12))
    (fp_line (start -4.5466 3.6449) (end -4.5466 -3.81) (layer F.CrtYd) (width 0.12))
    (fp_line (start 5.2197 3.6449) (end -4.5466 3.6449) (layer F.CrtYd) (width 0.12))
    (fp_line (start 5.2197 -3.81) (end 5.2197 3.6449) (layer F.CrtYd) (width 0.12))
    (fp_line (start -4.5466 -3.81) (end 5.2197 -3.81) (layer F.CrtYd) (width 0.12))
    (fp_line (start 4.6875 -2.5835) (end 4.2799 -2.9337) (layer F.SilkS) (width 0.12))
    (fp_text user %R (at -0.0127 5.6134) (layer F.Fab)
      (effects (font (size 0.5 0.5) (thickness 0.08)))
    )
    (pad 6 smd rect (at 2.48 -1.96) (size 3.08 0.72) (layers F.Cu F.Paste F.Mask)
      (net 1 +5V))
    (pad 5 smd rect (at 2.48 0) (size 3.08 0.72) (layers F.Cu F.Paste F.Mask)
      (net 12 /ENC_1))
    (pad 4 smd rect (at 2.48 1.96) (size 3.08 0.72) (layers F.Cu F.Paste F.Mask)
      (net 2 GND))
    (pad 3 smd rect (at -2.48 1.96) (size 3.08 0.72) (layers F.Cu F.Paste F.Mask)
      (net 21 "Net-(R1-Pad2)"))
    (pad 2 smd rect (at -2.48 0) (size 3.08 0.72) (layers F.Cu F.Paste F.Mask)
      (net 2 GND))
    (pad 1 smd rect (at -2.48 -1.96) (size 3.08 0.72) (layers F.Cu F.Paste F.Mask)
      (net 3 "Net-(U1-Pad1)"))
    (model ${KISYS3DMOD}/Sensor_Distance.3dshapes/AEDR-8300.step
      (offset (xyz -2 2.55 0))
      (scale (xyz 1 1 1))
      (rotate (xyz 0 0 0))
    )
  )

  (module photointerruptor_lib:Broadcom_DFN-6_2x2mm_P0.65mm (layer F.Cu) (tedit 616F1D74) (tstamp 616F7E0E)
    (at 75.9 74.3)
    (descr "Broadcom  DFN, 6 Pin (https://docs.broadcom.com/docs/AV02-4755EN), generated with kicad-footprint-generator ipc_noLead_generator.py")
    (tags "Broadcom DFN NoLead")
    (path /6191F60F)
    (attr smd)
    (fp_text reference U2 (at 0 -5.3) (layer F.SilkS)
      (effects (font (size 1 1) (thickness 0.15)))
    )
    (fp_text value AEDR-8300 (at 0.8128 7.0485) (layer F.Fab)
      (effects (font (size 1 1) (thickness 0.15)))
    )
    (fp_line (start 4.6875 -2.5835) (end 4.2799 -2.9337) (layer F.SilkS) (width 0.12))
    (fp_line (start -4.5466 -3.81) (end 5.2197 -3.81) (layer F.CrtYd) (width 0.12))
    (fp_line (start 5.2197 -3.81) (end 5.2197 3.6449) (layer F.CrtYd) (width 0.12))
    (fp_line (start 5.2197 3.6449) (end -4.5466 3.6449) (layer F.CrtYd) (width 0.12))
    (fp_line (start -4.5466 3.6449) (end -4.5466 -3.81) (layer F.CrtYd) (width 0.12))
    (fp_line (start -1.98 2.56) (end 1.98 2.56) (layer F.SilkS) (width 0.12))
    (fp_line (start -1.98 -2.56) (end 1.98 -2.56) (layer F.SilkS) (width 0.12))
    (fp_text user %R (at -0.0127 5.6134) (layer F.Fab)
      (effects (font (size 0.5 0.5) (thickness 0.08)))
    )
    (pad 1 smd rect (at -2.48 -1.96) (size 3.08 0.72) (layers F.Cu F.Paste F.Mask)
      (net 4 "Net-(U2-Pad1)"))
    (pad 2 smd rect (at -2.48 0) (size 3.08 0.72) (layers F.Cu F.Paste F.Mask)
      (net 2 GND))
    (pad 3 smd rect (at -2.48 1.96) (size 3.08 0.72) (layers F.Cu F.Paste F.Mask)
      (net 22 "Net-(R2-Pad2)"))
    (pad 4 smd rect (at 2.48 1.96) (size 3.08 0.72) (layers F.Cu F.Paste F.Mask)
      (net 2 GND))
    (pad 5 smd rect (at 2.48 0) (size 3.08 0.72) (layers F.Cu F.Paste F.Mask)
      (net 13 /ENC_2))
    (pad 6 smd rect (at 2.48 -1.96) (size 3.08 0.72) (layers F.Cu F.Paste F.Mask)
      (net 1 +5V))
    (model ${KISYS3DMOD}/OptoDevice.3dshapes/Broadcom_DFN-6_2x2mm_P0.65mm.wrl
      (at (xyz 0 0 0))
      (scale (xyz 1 1 1))
      (rotate (xyz 0 0 0))
    )
    (model ${KISYS3DMOD}/Sensor_Distance.3dshapes/AEDR-8300.step
      (offset (xyz -2 2.5 0))
      (scale (xyz 1 1 1))
      (rotate (xyz 0 0 0))
    )
  )

  (module photointerruptor_lib:Broadcom_DFN-6_2x2mm_P0.65mm (layer F.Cu) (tedit 616F1D74) (tstamp 616F7E32)
    (at 103.8 74.3)
    (descr "Broadcom  DFN, 6 Pin (https://docs.broadcom.com/docs/AV02-4755EN), generated with kicad-footprint-generator ipc_noLead_generator.py")
    (tags "Broadcom DFN NoLead")
    (path /6192D89D)
    (attr smd)
    (fp_text reference U3 (at 0 -5.3) (layer F.SilkS)
      (effects (font (size 1 1) (thickness 0.15)))
    )
    (fp_text value AEDR-8300 (at 0.8128 7.0485) (layer F.Fab)
      (effects (font (size 1 1) (thickness 0.15)))
    )
    (fp_line (start -1.98 -2.56) (end 1.98 -2.56) (layer F.SilkS) (width 0.12))
    (fp_line (start -1.98 2.56) (end 1.98 2.56) (layer F.SilkS) (width 0.12))
    (fp_line (start -4.5466 3.6449) (end -4.5466 -3.81) (layer F.CrtYd) (width 0.12))
    (fp_line (start 5.2197 3.6449) (end -4.5466 3.6449) (layer F.CrtYd) (width 0.12))
    (fp_line (start 5.2197 -3.81) (end 5.2197 3.6449) (layer F.CrtYd) (width 0.12))
    (fp_line (start -4.5466 -3.81) (end 5.2197 -3.81) (layer F.CrtYd) (width 0.12))
    (fp_line (start 4.6875 -2.5835) (end 4.2799 -2.9337) (layer F.SilkS) (width 0.12))
    (fp_text user %R (at -0.0127 5.6134) (layer F.Fab)
      (effects (font (size 0.5 0.5) (thickness 0.08)))
    )
    (pad 6 smd rect (at 2.48 -1.96) (size 3.08 0.72) (layers F.Cu F.Paste F.Mask)
      (net 1 +5V))
    (pad 5 smd rect (at 2.48 0) (size 3.08 0.72) (layers F.Cu F.Paste F.Mask)
      (net 17 /ENC_3))
    (pad 4 smd rect (at 2.48 1.96) (size 3.08 0.72) (layers F.Cu F.Paste F.Mask)
      (net 2 GND))
    (pad 3 smd rect (at -2.48 1.96) (size 3.08 0.72) (layers F.Cu F.Paste F.Mask)
      (net 23 "Net-(R3-Pad2)"))
    (pad 2 smd rect (at -2.48 0) (size 3.08 0.72) (layers F.Cu F.Paste F.Mask)
      (net 2 GND))
    (pad 1 smd rect (at -2.48 -1.96) (size 3.08 0.72) (layers F.Cu F.Paste F.Mask)
      (net 5 "Net-(U3-Pad1)"))
    (model ${KISYS3DMOD}/OptoDevice.3dshapes/Broadcom_DFN-6_2x2mm_P0.65mm.wrl
      (at (xyz 0 0 0))
      (scale (xyz 1 1 1))
      (rotate (xyz 0 0 0))
    )
    (model ${KISYS3DMOD}/Sensor_Distance.3dshapes/AEDR-8300.step
      (offset (xyz -2 2.5 0))
      (scale (xyz 1 1 1))
      (rotate (xyz 0 0 0))
    )
  )

  (module photointerruptor_lib:Broadcom_DFN-6_2x2mm_P0.65mm (layer F.Cu) (tedit 616F1D74) (tstamp 616F7E56)
    (at 129.7 74.3)
    (descr "Broadcom  DFN, 6 Pin (https://docs.broadcom.com/docs/AV02-4755EN), generated with kicad-footprint-generator ipc_noLead_generator.py")
    (tags "Broadcom DFN NoLead")
    (path /61936DBC)
    (attr smd)
    (fp_text reference U4 (at 0 -5.3) (layer F.SilkS)
      (effects (font (size 1 1) (thickness 0.15)))
    )
    (fp_text value AEDR-8300 (at 0.8128 7.0485) (layer F.Fab)
      (effects (font (size 1 1) (thickness 0.15)))
    )
    (fp_line (start 4.6875 -2.5835) (end 4.2799 -2.9337) (layer F.SilkS) (width 0.12))
    (fp_line (start -4.5466 -3.81) (end 5.2197 -3.81) (layer F.CrtYd) (width 0.12))
    (fp_line (start 5.2197 -3.81) (end 5.2197 3.6449) (layer F.CrtYd) (width 0.12))
    (fp_line (start 5.2197 3.6449) (end -4.5466 3.6449) (layer F.CrtYd) (width 0.12))
    (fp_line (start -4.5466 3.6449) (end -4.5466 -3.81) (layer F.CrtYd) (width 0.12))
    (fp_line (start -1.98 2.56) (end 1.98 2.56) (layer F.SilkS) (width 0.12))
    (fp_line (start -1.98 -2.56) (end 1.98 -2.56) (layer F.SilkS) (width 0.12))
    (fp_text user %R (at -0.0127 5.6134) (layer F.Fab)
      (effects (font (size 0.5 0.5) (thickness 0.08)))
    )
    (pad 1 smd rect (at -2.48 -1.96) (size 3.08 0.72) (layers F.Cu F.Paste F.Mask)
      (net 6 "Net-(U4-Pad1)"))
    (pad 2 smd rect (at -2.48 0) (size 3.08 0.72) (layers F.Cu F.Paste F.Mask)
      (net 2 GND))
    (pad 3 smd rect (at -2.48 1.96) (size 3.08 0.72) (layers F.Cu F.Paste F.Mask)
      (net 24 "Net-(R4-Pad2)"))
    (pad 4 smd rect (at 2.48 1.96) (size 3.08 0.72) (layers F.Cu F.Paste F.Mask)
      (net 2 GND))
    (pad 5 smd rect (at 2.48 0) (size 3.08 0.72) (layers F.Cu F.Paste F.Mask)
      (net 18 /ENC_4))
    (pad 6 smd rect (at 2.48 -1.96) (size 3.08 0.72) (layers F.Cu F.Paste F.Mask)
      (net 1 +5V))
    (model ${KISYS3DMOD}/OptoDevice.3dshapes/Broadcom_DFN-6_2x2mm_P0.65mm.wrl
      (at (xyz 0 0 0))
      (scale (xyz 1 1 1))
      (rotate (xyz 0 0 0))
    )
    (model ${KISYS3DMOD}/Sensor_Distance.3dshapes/AEDR-8300.step
      (offset (xyz -2 2.5 0))
      (scale (xyz 1 1 1))
      (rotate (xyz 0 0 0))
    )
  )

  (module photointerruptor_lib:Broadcom_DFN-6_2x2mm_P0.65mm (layer F.Cu) (tedit 616F1D74) (tstamp 616F7E7A)
    (at 155.6 74.3)
    (descr "Broadcom  DFN, 6 Pin (https://docs.broadcom.com/docs/AV02-4755EN), generated with kicad-footprint-generator ipc_noLead_generator.py")
    (tags "Broadcom DFN NoLead")
    (path /61936DE0)
    (attr smd)
    (fp_text reference U5 (at 0 -5.3) (layer F.SilkS)
      (effects (font (size 1 1) (thickness 0.15)))
    )
    (fp_text value AEDR-8300 (at 0.8128 7.0485) (layer F.Fab)
      (effects (font (size 1 1) (thickness 0.15)))
    )
    (fp_line (start -1.98 -2.56) (end 1.98 -2.56) (layer F.SilkS) (width 0.12))
    (fp_line (start -1.98 2.56) (end 1.98 2.56) (layer F.SilkS) (width 0.12))
    (fp_line (start -4.5466 3.6449) (end -4.5466 -3.81) (layer F.CrtYd) (width 0.12))
    (fp_line (start 5.2197 3.6449) (end -4.5466 3.6449) (layer F.CrtYd) (width 0.12))
    (fp_line (start 5.2197 -3.81) (end 5.2197 3.6449) (layer F.CrtYd) (width 0.12))
    (fp_line (start -4.5466 -3.81) (end 5.2197 -3.81) (layer F.CrtYd) (width 0.12))
    (fp_line (start 4.6875 -2.5835) (end 4.2799 -2.9337) (layer F.SilkS) (width 0.12))
    (fp_text user %R (at -0.0127 5.6134) (layer F.Fab)
      (effects (font (size 0.5 0.5) (thickness 0.08)))
    )
    (pad 6 smd rect (at 2.48 -1.96) (size 3.08 0.72) (layers F.Cu F.Paste F.Mask)
      (net 1 +5V))
    (pad 5 smd rect (at 2.48 0) (size 3.08 0.72) (layers F.Cu F.Paste F.Mask)
      (net 14 /ENC_5))
    (pad 4 smd rect (at 2.48 1.96) (size 3.08 0.72) (layers F.Cu F.Paste F.Mask)
      (net 2 GND))
    (pad 3 smd rect (at -2.48 1.96) (size 3.08 0.72) (layers F.Cu F.Paste F.Mask)
      (net 25 "Net-(R5-Pad2)"))
    (pad 2 smd rect (at -2.48 0) (size 3.08 0.72) (layers F.Cu F.Paste F.Mask)
      (net 2 GND))
    (pad 1 smd rect (at -2.48 -1.96) (size 3.08 0.72) (layers F.Cu F.Paste F.Mask)
      (net 7 "Net-(U5-Pad1)"))
    (model ${KISYS3DMOD}/Sensor_Distance.3dshapes/AEDR-8300.step
      (offset (xyz -2 2.5 0))
      (scale (xyz 1 1 1))
      (rotate (xyz 0 0 0))
    )
  )

  (module photointerruptor_lib:Broadcom_DFN-6_2x2mm_P0.65mm (layer F.Cu) (tedit 616F1D74) (tstamp 616F7E9E)
    (at 181.5 74.3)
    (descr "Broadcom  DFN, 6 Pin (https://docs.broadcom.com/docs/AV02-4755EN), generated with kicad-footprint-generator ipc_noLead_generator.py")
    (tags "Broadcom DFN NoLead")
    (path /61936E04)
    (attr smd)
    (fp_text reference U6 (at 0 -5.3) (layer F.SilkS)
      (effects (font (size 1 1) (thickness 0.15)))
    )
    (fp_text value AEDR-8300 (at 0.8128 7.0485) (layer F.Fab)
      (effects (font (size 1 1) (thickness 0.15)))
    )
    (fp_line (start 4.6875 -2.5835) (end 4.2799 -2.9337) (layer F.SilkS) (width 0.12))
    (fp_line (start -4.5466 -3.81) (end 5.2197 -3.81) (layer F.CrtYd) (width 0.12))
    (fp_line (start 5.2197 -3.81) (end 5.2197 3.6449) (layer F.CrtYd) (width 0.12))
    (fp_line (start 5.2197 3.6449) (end -4.5466 3.6449) (layer F.CrtYd) (width 0.12))
    (fp_line (start -4.5466 3.6449) (end -4.5466 -3.81) (layer F.CrtYd) (width 0.12))
    (fp_line (start -1.98 2.56) (end 1.98 2.56) (layer F.SilkS) (width 0.12))
    (fp_line (start -1.98 -2.56) (end 1.98 -2.56) (layer F.SilkS) (width 0.12))
    (fp_text user %R (at -0.0127 5.6134) (layer F.Fab)
      (effects (font (size 0.5 0.5) (thickness 0.08)))
    )
    (pad 1 smd rect (at -2.48 -1.96) (size 3.08 0.72) (layers F.Cu F.Paste F.Mask)
      (net 8 "Net-(U6-Pad1)"))
    (pad 2 smd rect (at -2.48 0) (size 3.08 0.72) (layers F.Cu F.Paste F.Mask)
      (net 2 GND))
    (pad 3 smd rect (at -2.48 1.96) (size 3.08 0.72) (layers F.Cu F.Paste F.Mask)
      (net 26 "Net-(R6-Pad2)"))
    (pad 4 smd rect (at 2.48 1.96) (size 3.08 0.72) (layers F.Cu F.Paste F.Mask)
      (net 2 GND))
    (pad 5 smd rect (at 2.48 0) (size 3.08 0.72) (layers F.Cu F.Paste F.Mask)
      (net 15 /ENC_6))
    (pad 6 smd rect (at 2.48 -1.96) (size 3.08 0.72) (layers F.Cu F.Paste F.Mask)
      (net 1 +5V))
    (model ${KISYS3DMOD}/Sensor_Distance.3dshapes/AEDR-8300.step
      (offset (xyz -2 2.5 0))
      (scale (xyz 1 1 1))
      (rotate (xyz 0 0 0))
    )
  )

  (module photointerruptor_lib:Broadcom_DFN-6_2x2mm_P0.65mm (layer F.Cu) (tedit 616F1D74) (tstamp 616F7EC2)
    (at 207.4 74.3)
    (descr "Broadcom  DFN, 6 Pin (https://docs.broadcom.com/docs/AV02-4755EN), generated with kicad-footprint-generator ipc_noLead_generator.py")
    (tags "Broadcom DFN NoLead")
    (path /61950C20)
    (attr smd)
    (fp_text reference U7 (at 0 -5.3) (layer F.SilkS)
      (effects (font (size 1 1) (thickness 0.15)))
    )
    (fp_text value AEDR-8300 (at 0.8128 7.0485) (layer F.Fab)
      (effects (font (size 1 1) (thickness 0.15)))
    )
    (fp_line (start -1.98 -2.56) (end 1.98 -2.56) (layer F.SilkS) (width 0.12))
    (fp_line (start -1.98 2.56) (end 1.98 2.56) (layer F.SilkS) (width 0.12))
    (fp_line (start -4.5466 3.6449) (end -4.5466 -3.81) (layer F.CrtYd) (width 0.12))
    (fp_line (start 5.2197 3.6449) (end -4.5466 3.6449) (layer F.CrtYd) (width 0.12))
    (fp_line (start 5.2197 -3.81) (end 5.2197 3.6449) (layer F.CrtYd) (width 0.12))
    (fp_line (start -4.5466 -3.81) (end 5.2197 -3.81) (layer F.CrtYd) (width 0.12))
    (fp_line (start 4.6875 -2.5835) (end 4.2799 -2.9337) (layer F.SilkS) (width 0.12))
    (fp_text user %R (at -0.0127 5.6134) (layer F.Fab)
      (effects (font (size 0.5 0.5) (thickness 0.08)))
    )
    (pad 6 smd rect (at 2.48 -1.96) (size 3.08 0.72) (layers F.Cu F.Paste F.Mask)
      (net 1 +5V))
    (pad 5 smd rect (at 2.48 0) (size 3.08 0.72) (layers F.Cu F.Paste F.Mask)
      (net 19 /ENC_7))
    (pad 4 smd rect (at 2.48 1.96) (size 3.08 0.72) (layers F.Cu F.Paste F.Mask)
      (net 2 GND))
    (pad 3 smd rect (at -2.48 1.96) (size 3.08 0.72) (layers F.Cu F.Paste F.Mask)
      (net 27 "Net-(R7-Pad2)"))
    (pad 2 smd rect (at -2.48 0) (size 3.08 0.72) (layers F.Cu F.Paste F.Mask)
      (net 2 GND))
    (pad 1 smd rect (at -2.48 -1.96) (size 3.08 0.72) (layers F.Cu F.Paste F.Mask)
      (net 9 "Net-(U7-Pad1)"))
    (model ${KISYS3DMOD}/Sensor_Distance.3dshapes/AEDR-8300.step
      (offset (xyz -2 2.5 0))
      (scale (xyz 1 1 1))
      (rotate (xyz 0 0 0))
    )
  )

  (module photointerruptor_lib:Broadcom_DFN-6_2x2mm_P0.65mm (layer F.Cu) (tedit 616F1D74) (tstamp 616F7EE6)
    (at 233.3 74.3)
    (descr "Broadcom  DFN, 6 Pin (https://docs.broadcom.com/docs/AV02-4755EN), generated with kicad-footprint-generator ipc_noLead_generator.py")
    (tags "Broadcom DFN NoLead")
    (path /61950C44)
    (attr smd)
    (fp_text reference U8 (at 0 -5.3) (layer F.SilkS)
      (effects (font (size 1 1) (thickness 0.15)))
    )
    (fp_text value AEDR-8300 (at 0.8128 7.0485) (layer F.Fab)
      (effects (font (size 1 1) (thickness 0.15)))
    )
    (fp_line (start 4.6875 -2.5835) (end 4.2799 -2.9337) (layer F.SilkS) (width 0.12))
    (fp_line (start -4.5466 -3.81) (end 5.2197 -3.81) (layer F.CrtYd) (width 0.12))
    (fp_line (start 5.2197 -3.81) (end 5.2197 3.6449) (layer F.CrtYd) (width 0.12))
    (fp_line (start 5.2197 3.6449) (end -4.5466 3.6449) (layer F.CrtYd) (width 0.12))
    (fp_line (start -4.5466 3.6449) (end -4.5466 -3.81) (layer F.CrtYd) (width 0.12))
    (fp_line (start -1.98 2.56) (end 1.98 2.56) (layer F.SilkS) (width 0.12))
    (fp_line (start -1.98 -2.56) (end 1.98 -2.56) (layer F.SilkS) (width 0.12))
    (fp_text user %R (at -0.0127 5.6134) (layer F.Fab)
      (effects (font (size 0.5 0.5) (thickness 0.08)))
    )
    (pad 1 smd rect (at -2.48 -1.96) (size 3.08 0.72) (layers F.Cu F.Paste F.Mask)
      (net 10 "Net-(U8-Pad1)"))
    (pad 2 smd rect (at -2.48 0) (size 3.08 0.72) (layers F.Cu F.Paste F.Mask)
      (net 2 GND))
    (pad 3 smd rect (at -2.48 1.96) (size 3.08 0.72) (layers F.Cu F.Paste F.Mask)
      (net 28 "Net-(R8-Pad2)"))
    (pad 4 smd rect (at 2.48 1.96) (size 3.08 0.72) (layers F.Cu F.Paste F.Mask)
      (net 2 GND))
    (pad 5 smd rect (at 2.48 0) (size 3.08 0.72) (layers F.Cu F.Paste F.Mask)
      (net 20 /ENC_8))
    (pad 6 smd rect (at 2.48 -1.96) (size 3.08 0.72) (layers F.Cu F.Paste F.Mask)
      (net 1 +5V))
    (model ${KISYS3DMOD}/OptoDevice.3dshapes/Broadcom_DFN-6_2x2mm_P0.65mm.wrl
      (at (xyz 0 0 0))
      (scale (xyz 1 1 1))
      (rotate (xyz 0 0 0))
    )
    (model ${KISYS3DMOD}/Sensor_Distance.3dshapes/AEDR-8300.step
      (offset (xyz -2 2.5 0))
      (scale (xyz 1 1 1))
      (rotate (xyz 0 0 0))
    )
  )

  (module photointerruptor_lib:Broadcom_DFN-6_2x2mm_P0.65mm (layer F.Cu) (tedit 616F1D74) (tstamp 616F7F0A)
    (at 259.2 74.3)
    (descr "Broadcom  DFN, 6 Pin (https://docs.broadcom.com/docs/AV02-4755EN), generated with kicad-footprint-generator ipc_noLead_generator.py")
    (tags "Broadcom DFN NoLead")
    (path /61950C68)
    (attr smd)
    (fp_text reference U9 (at 0 -5.3) (layer F.SilkS)
      (effects (font (size 1 1) (thickness 0.15)))
    )
    (fp_text value AEDR-8300 (at 0.8128 7.0485) (layer F.Fab)
      (effects (font (size 1 1) (thickness 0.15)))
    )
    (fp_line (start -1.98 -2.56) (end 1.98 -2.56) (layer F.SilkS) (width 0.12))
    (fp_line (start -1.98 2.56) (end 1.98 2.56) (layer F.SilkS) (width 0.12))
    (fp_line (start -4.5466 3.6449) (end -4.5466 -3.81) (layer F.CrtYd) (width 0.12))
    (fp_line (start 5.2197 3.6449) (end -4.5466 3.6449) (layer F.CrtYd) (width 0.12))
    (fp_line (start 5.2197 -3.81) (end 5.2197 3.6449) (layer F.CrtYd) (width 0.12))
    (fp_line (start -4.5466 -3.81) (end 5.2197 -3.81) (layer F.CrtYd) (width 0.12))
    (fp_line (start 4.6875 -2.5835) (end 4.2799 -2.9337) (layer F.SilkS) (width 0.12))
    (fp_text user %R (at -0.0127 5.6134) (layer F.Fab)
      (effects (font (size 0.5 0.5) (thickness 0.08)))
    )
    (pad 6 smd rect (at 2.48 -1.96) (size 3.08 0.72) (layers F.Cu F.Paste F.Mask)
      (net 1 +5V))
    (pad 5 smd rect (at 2.48 0) (size 3.08 0.72) (layers F.Cu F.Paste F.Mask)
      (net 16 /ENC_9))
    (pad 4 smd rect (at 2.48 1.96) (size 3.08 0.72) (layers F.Cu F.Paste F.Mask)
      (net 2 GND))
    (pad 3 smd rect (at -2.48 1.96) (size 3.08 0.72) (layers F.Cu F.Paste F.Mask)
      (net 29 "Net-(R9-Pad2)"))
    (pad 2 smd rect (at -2.48 0) (size 3.08 0.72) (layers F.Cu F.Paste F.Mask)
      (net 2 GND))
    (pad 1 smd rect (at -2.48 -1.96) (size 3.08 0.72) (layers F.Cu F.Paste F.Mask)
      (net 11 "Net-(U9-Pad1)"))
    (model ${KISYS3DMOD}/OptoDevice.3dshapes/Broadcom_DFN-6_2x2mm_P0.65mm.wrl
      (at (xyz 0 0 0))
      (scale (xyz 1 1 1))
      (rotate (xyz 0 0 0))
    )
    (model ${KISYS3DMOD}/Sensor_Distance.3dshapes/AEDR-8300.step
      (offset (xyz -2 2.5 0))
      (scale (xyz 1 1 1))
      (rotate (xyz 0 0 0))
    )
  )

  (module Capacitor_SMD:C_0603_1608Metric (layer F.Cu) (tedit 5B301BBE) (tstamp 616F82F4)
    (at 58.6232 78.6892 90)
    (descr "Capacitor SMD 0603 (1608 Metric), square (rectangular) end terminal, IPC_7351 nominal, (Body size source: http://www.tortai-tech.com/upload/download/2011102023233369053.pdf), generated with kicad-footprint-generator")
    (tags capacitor)
    (path /6188303E)
    (attr smd)
    (fp_text reference C1 (at 0 -1.43 270) (layer F.SilkS)
      (effects (font (size 1 1) (thickness 0.15)))
    )
    (fp_text value "0.1 uF" (at 0 1.43 270) (layer F.Fab)
      (effects (font (size 1 1) (thickness 0.15)))
    )
    (fp_line (start -0.8 0.4) (end -0.8 -0.4) (layer F.Fab) (width 0.1))
    (fp_line (start -0.8 -0.4) (end 0.8 -0.4) (layer F.Fab) (width 0.1))
    (fp_line (start 0.8 -0.4) (end 0.8 0.4) (layer F.Fab) (width 0.1))
    (fp_line (start 0.8 0.4) (end -0.8 0.4) (layer F.Fab) (width 0.1))
    (fp_line (start -0.162779 -0.51) (end 0.162779 -0.51) (layer F.SilkS) (width 0.12))
    (fp_line (start -0.162779 0.51) (end 0.162779 0.51) (layer F.SilkS) (width 0.12))
    (fp_line (start -1.48 0.73) (end -1.48 -0.73) (layer F.CrtYd) (width 0.05))
    (fp_line (start -1.48 -0.73) (end 1.48 -0.73) (layer F.CrtYd) (width 0.05))
    (fp_line (start 1.48 -0.73) (end 1.48 0.73) (layer F.CrtYd) (width 0.05))
    (fp_line (start 1.48 0.73) (end -1.48 0.73) (layer F.CrtYd) (width 0.05))
    (fp_text user %R (at 0 0 270) (layer F.Fab)
      (effects (font (size 0.4 0.4) (thickness 0.06)))
    )
    (pad 1 smd roundrect (at -0.7875 0 90) (size 0.875 0.95) (layers F.Cu F.Paste F.Mask) (roundrect_rratio 0.25)
      (net 1 +5V))
    (pad 2 smd roundrect (at 0.7875 0 90) (size 0.875 0.95) (layers F.Cu F.Paste F.Mask) (roundrect_rratio 0.25)
      (net 2 GND))
    (model ${KISYS3DMOD}/Capacitor_SMD.3dshapes/C_0603_1608Metric.wrl
      (at (xyz 0 0 0))
      (scale (xyz 1 1 1))
      (rotate (xyz 0 0 0))
    )
  )

  (module photointerruptor_lib:MountingHole_2.3mm_#2 (layer F.Cu) (tedit 616F2348) (tstamp 616F882B)
    (at 89 69)
    (descr "Mounting Hole 2.2mm, no annular, M2")
    (tags "mounting hole 2.2mm no annular m2")
    (path /619D3417)
    (attr virtual)
    (fp_text reference H1 (at 3.4298 -0.8946 90) (layer F.SilkS) hide
      (effects (font (size 1 1) (thickness 0.15)))
    )
    (fp_text value MountingHole (at 1.9304 3.302) (layer F.Fab)
      (effects (font (size 1 1) (thickness 0.15)))
    )
    (fp_circle (center 0 0) (end 2.2 0) (layer Cmts.User) (width 0.15))
    (fp_circle (center 0 0) (end 2.45 0) (layer F.CrtYd) (width 0.05))
    (fp_text user %R (at 0.3 0) (layer F.Fab)
      (effects (font (size 1 1) (thickness 0.15)))
    )
    (pad "" np_thru_hole circle (at 0 0) (size 2.3 2.3) (drill 2.2) (layers *.Cu *.Mask))
  )

  (module photointerruptor_lib:MountingHole_2.3mm_#2 (layer F.Cu) (tedit 616F2348) (tstamp 616F8304)
    (at 89 80.26)
    (descr "Mounting Hole 2.2mm, no annular, M2")
    (tags "mounting hole 2.2mm no annular m2")
    (path /619CC0E3)
    (attr virtual)
    (fp_text reference H2 (at 3.379 0.7894 90) (layer F.SilkS) hide
      (effects (font (size 1 1) (thickness 0.15)))
    )
    (fp_text value MountingHole (at 0 3.2) (layer F.Fab)
      (effects (font (size 1 1) (thickness 0.15)))
    )
    (fp_circle (center 0 0) (end 2.2 0) (layer Cmts.User) (width 0.15))
    (fp_circle (center 0 0) (end 2.45 0) (layer F.CrtYd) (width 0.05))
    (fp_text user %R (at 0.3 0) (layer F.Fab)
      (effects (font (size 1 1) (thickness 0.15)))
    )
    (pad "" np_thru_hole circle (at 0 0) (size 2.3 2.3) (drill 2.2) (layers *.Cu *.Mask))
  )

  (module photointerruptor_lib:MountingHole_2.3mm_#2 (layer F.Cu) (tedit 616F2348) (tstamp 616F830C)
    (at 246 69)
    (descr "Mounting Hole 2.2mm, no annular, M2")
    (tags "mounting hole 2.2mm no annular m2")
    (path /619D341D)
    (attr virtual)
    (fp_text reference H3 (at -2.9882 -2.0376 180) (layer F.SilkS) hide
      (effects (font (size 1 1) (thickness 0.15)))
    )
    (fp_text value MountingHole (at 0 3.2) (layer F.Fab)
      (effects (font (size 1 1) (thickness 0.15)))
    )
    (fp_circle (center 0 0) (end 2.45 0) (layer F.CrtYd) (width 0.05))
    (fp_circle (center 0 0) (end 2.2 0) (layer Cmts.User) (width 0.15))
    (fp_text user %R (at 0.3 0) (layer F.Fab)
      (effects (font (size 1 1) (thickness 0.15)))
    )
    (pad "" np_thru_hole circle (at 0 0) (size 2.3 2.3) (drill 2.2) (layers *.Cu *.Mask))
  )

  (module photointerruptor_lib:MountingHole_2.3mm_#2 (layer F.Cu) (tedit 616F2348) (tstamp 616F8314)
    (at 246 80.26 90)
    (descr "Mounting Hole 2.2mm, no annular, M2")
    (tags "mounting hole 2.2mm no annular m2")
    (path /619D10C2)
    (attr virtual)
    (fp_text reference H4 (at -2.4912 -2.5818 180) (layer F.SilkS) hide
      (effects (font (size 1 1) (thickness 0.15)))
    )
    (fp_text value MountingHole (at 0 3.2 90) (layer F.Fab)
      (effects (font (size 1 1) (thickness 0.15)))
    )
    (fp_circle (center 0 0) (end 2.45 0) (layer F.CrtYd) (width 0.05))
    (fp_circle (center 0 0) (end 2.2 0) (layer Cmts.User) (width 0.15))
    (fp_text user %R (at 0.3 0 90) (layer F.Fab)
      (effects (font (size 1 1) (thickness 0.15)))
    )
    (pad "" np_thru_hole circle (at 0 0 90) (size 2.3 2.3) (drill 2.2) (layers *.Cu *.Mask))
  )

  (module Resistor_SMD:R_0805_2012Metric (layer F.Cu) (tedit 5B36C52B) (tstamp 61705916)
    (at 52.8066 79.1972 180)
    (descr "Resistor SMD 0805 (2012 Metric), square (rectangular) end terminal, IPC_7351 nominal, (Body size source: https://docs.google.com/spreadsheets/d/1BsfQQcO9C6DZCsRaXUlFlo91Tg2WpOkGARC1WS5S8t0/edit?usp=sharing), generated with kicad-footprint-generator")
    (tags resistor)
    (path /61714F81)
    (attr smd)
    (fp_text reference R1 (at 0 -1.65) (layer F.SilkS)
      (effects (font (size 1 1) (thickness 0.15)))
    )
    (fp_text value 220 (at 0 1.65) (layer F.Fab)
      (effects (font (size 1 1) (thickness 0.15)))
    )
    (fp_line (start 1.68 0.95) (end -1.68 0.95) (layer F.CrtYd) (width 0.05))
    (fp_line (start 1.68 -0.95) (end 1.68 0.95) (layer F.CrtYd) (width 0.05))
    (fp_line (start -1.68 -0.95) (end 1.68 -0.95) (layer F.CrtYd) (width 0.05))
    (fp_line (start -1.68 0.95) (end -1.68 -0.95) (layer F.CrtYd) (width 0.05))
    (fp_line (start -0.258578 0.71) (end 0.258578 0.71) (layer F.SilkS) (width 0.12))
    (fp_line (start -0.258578 -0.71) (end 0.258578 -0.71) (layer F.SilkS) (width 0.12))
    (fp_line (start 1 0.6) (end -1 0.6) (layer F.Fab) (width 0.1))
    (fp_line (start 1 -0.6) (end 1 0.6) (layer F.Fab) (width 0.1))
    (fp_line (start -1 -0.6) (end 1 -0.6) (layer F.Fab) (width 0.1))
    (fp_line (start -1 0.6) (end -1 -0.6) (layer F.Fab) (width 0.1))
    (fp_text user %R (at 0 0) (layer F.Fab)
      (effects (font (size 0.5 0.5) (thickness 0.08)))
    )
    (pad 1 smd roundrect (at -0.9375 0 180) (size 0.975 1.4) (layers F.Cu F.Paste F.Mask) (roundrect_rratio 0.25)
      (net 1 +5V))
    (pad 2 smd roundrect (at 0.9375 0 180) (size 0.975 1.4) (layers F.Cu F.Paste F.Mask) (roundrect_rratio 0.25)
      (net 21 "Net-(R1-Pad2)"))
    (model ${KISYS3DMOD}/Resistor_SMD.3dshapes/R_0805_2012Metric.wrl
      (at (xyz 0 0 0))
      (scale (xyz 1 1 1))
      (rotate (xyz 0 0 0))
    )
  )

  (module Resistor_SMD:R_0805_2012Metric (layer F.Cu) (tedit 5B36C52B) (tstamp 61705C9F)
    (at 67.7926 74.3966 270)
    (descr "Resistor SMD 0805 (2012 Metric), square (rectangular) end terminal, IPC_7351 nominal, (Body size source: https://docs.google.com/spreadsheets/d/1BsfQQcO9C6DZCsRaXUlFlo91Tg2WpOkGARC1WS5S8t0/edit?usp=sharing), generated with kicad-footprint-generator")
    (tags resistor)
    (path /6175A43C)
    (attr smd)
    (fp_text reference R2 (at -0.1778 1.651 90) (layer F.SilkS)
      (effects (font (size 1 1) (thickness 0.15)))
    )
    (fp_text value 220 (at 0 1.65 90) (layer F.Fab)
      (effects (font (size 1 1) (thickness 0.15)))
    )
    (fp_text user %R (at 0 0 90) (layer F.Fab)
      (effects (font (size 0.5 0.5) (thickness 0.08)))
    )
    (fp_line (start -1 0.6) (end -1 -0.6) (layer F.Fab) (width 0.1))
    (fp_line (start -1 -0.6) (end 1 -0.6) (layer F.Fab) (width 0.1))
    (fp_line (start 1 -0.6) (end 1 0.6) (layer F.Fab) (width 0.1))
    (fp_line (start 1 0.6) (end -1 0.6) (layer F.Fab) (width 0.1))
    (fp_line (start -0.258578 -0.71) (end 0.258578 -0.71) (layer F.SilkS) (width 0.12))
    (fp_line (start -0.258578 0.71) (end 0.258578 0.71) (layer F.SilkS) (width 0.12))
    (fp_line (start -1.68 0.95) (end -1.68 -0.95) (layer F.CrtYd) (width 0.05))
    (fp_line (start -1.68 -0.95) (end 1.68 -0.95) (layer F.CrtYd) (width 0.05))
    (fp_line (start 1.68 -0.95) (end 1.68 0.95) (layer F.CrtYd) (width 0.05))
    (fp_line (start 1.68 0.95) (end -1.68 0.95) (layer F.CrtYd) (width 0.05))
    (pad 2 smd roundrect (at 0.9375 0 270) (size 0.975 1.4) (layers F.Cu F.Paste F.Mask) (roundrect_rratio 0.25)
      (net 22 "Net-(R2-Pad2)"))
